run_indexes:
  5:
    Crossover: 0.0746955206431452
    Evaluate: 5.4302126804665685
    Selection: 0
