run_indexes:
  5:
    Crossover: 0.007762496035546063
    Evaluate: 4.676125123761281
    Selection: 0
