run_indexes:
  5:
    Crossover: 0.08676646389067183
    Evaluate: 7.045590146221321
    Selection: 0.0007400639913976192
  6:
    Crossover: 0.06248086403682822
    Evaluate: 5.420280865162626
    Selection: 0.0005403200015425683
