run_indexes:
  5:
    Crossover: 0.08387542481394519
    Evaluate: 0.41687558369338507
    Selection: 0.0008448320068418979
