run_indexes:
  5:
    Crossover: 0.07693558466434504
    Evaluate: 5.608340046346282
    Selection: 0
