run_indexes:
  5:
    Crossover: 0.08614889670535901
    Evaluate: 7.327934661463082
    Selection: 0.0007851200066506863
  6:
    Crossover: 0.06217580834403635
    Evaluate: 4.909234759531985
    Selection: 0.0005611199997365476
