run_indexes:
  5:
    Crossover: 0.08683360021561383
    Evaluate: 6.919547232806758
    Selection: 0.0007144320011138917
  6:
    Crossover: 0.061485120084136764
    Evaluate: 5.053306722417402
    Selection: 0.0005315200015902519
