run_indexes:
  5:
    Crossover: 0.06652937611564991
    Evaluate: 5.0850704385563255
    Selection: 0
