run_indexes:
  5:
    Crossover: 0.07577340823411939
    Evaluate: 5.402693187683938
    Selection: 0
