run_indexes:
  5:
    Crossover: 0.07662809620797638
    Evaluate: 0.39607545538246663
    Selection: 0.0006490559987723828
