run_indexes:
  5:
    Crossover: 0.08857587258145211
    Evaluate: 6.9925191727953635
    Selection: 0.0007319360002875329
  6:
    Crossover: 0.06367964850738649
    Evaluate: 5.2630457632840315
    Selection: 0.000551647998392582
