run_indexes:
  5:
    Crossover: 0.0157135358899832
    Evaluate: 4.86831821101009
    Selection: 0
  6:
    Crossover: 0.01775977590307595
    Evaluate: 4.876818968741535
    Selection: 0
  7:
    Crossover: 0.017906271941959862
    Evaluate: 4.857659490472021
    Selection: 0
  8:
    Crossover: 0.003346527993679047
    Evaluate: 1.0343469391092657
    Selection: 0
