run_indexes:
  5:
    Crossover: 0.0863194560185073
    Evaluate: 7.052207842461966
    Selection: 0.0007677120007574558
  6:
    Crossover: 0.061971648044884114
    Evaluate: 5.3264894733281
    Selection: 0.0005665920004248618
