run_indexes:
  5:
    Crossover: 0.07330051233246922
    Evaluate: 0.6586769569665198
    Selection: 0.000903967998921871
