run_indexes:
  5:
    Crossover: 0.07329929614812135
    Evaluate: 5.770214471482018
    Selection: 0
