run_indexes:
  5:
    Crossover: 0.07507324829325095
    Evaluate: 0.37377004811167724
    Selection: 0.000677216000854969
